0 292 303 654 1061 1205 1217 1591 2260 2482 2541 2600 2751 3352 3470 3845 4040 4220 4598 4867 5041 5655 5766 5840 5904 6252 6258 6588 7084 7109 7236 7240
1 108 148 149 233 257 314 328 344 351 359 452 492 522 529 581 718 893 932 1108 1166 1167 1168 1179 1213 1224 1237 1242 1250 1254 1258 1260 1321 1338 1340 1357 1443 1523 1527 1552 1591 1610 1612 1620 1630 1784 1818 1939 1994 2048 2049 2060 2104 2177 2203 2264 2268 2379 2405 2410 2480 2526 2549 2602 2653 2670 2826 3012 3021 3266 3301 3412 3479 3692 3912 3918 3999 4194 4201 4615 4768 4780 4790 4857 4887 4889 4997 5241 5310 5704 5840
2 0 28 31 49 109 170 212 257 289 292 314 351 522 536 581 585 725 729 762 840 891 892 903 1062 1120 1166 1170 1171 1175 1177 1179 1182 1183 1186 1190 1191 1207 1219 1241 1321 1475 1527 1591 1620 1666 1678 1820 1871 1930 1932 2238 2451 2480 2537 2766 2846 2867 2998 3063 3207 3208 3374 3429 3436 3479 3601 3629 3643 3650 3692 3865 3876 3889 3890 3892 3907 3915 3918 3919 3923 3930 4122 4158 4201 4239 4264 4278 4343 4538 4670 4738 4760 4780 4795 4857 4873 4887 4889 4898 4907 4908 5110 5117 5183 5241 5292 5310 5466 5670 5760 5791 5833 5840 5842 5844 5847 5877 5879 5904 6171 6211 6221 6247 6258 6264 6318 6416 6585 6588 6631 6747 6751 6756 6809 6965 7022 7024 7028 7029 7222 7236 7248 7299 7319 7742 7744 7745 7928 7931 7952 8069 8150 8159 8243 8246 8250 8268 8269 9101 9282 9309 9334 9354 9421 9509 9602 9616 9625 9776 9863 9898 9950 9969 10000 10111 10116 10198 10202 10235 10246 10251 10392 10406 10408 10448 10551 10664 10677 10802 10808 10834 10894 10969 11015 11115 11122 11156 11160 11161 11205 11206 11264 11289 11359 11405 11445 11476 11545 11585 11603 11605 11691 11695 11697 11735 11808 11842 11924 11927 11929 11970 12001 12023 12104 12216 12319 12372 12424 12426 12531 12588 12612 12737 12750 12751 12753 12817 12819 12871 12896 12956 12983 13034 13152 13244 13272 13280 13307 13377 13455 13468 13569 13570 13706 13727 13798 13814 13899 14017 14094 14148 14154 14155 14327 14384 14468 14499 14618 14803 14917 14925 14959 15222 15395 15455 15463 15523 15658 15926 16082 16166 16294 16421 16507 16829
3 292 536 581 903 1013 1108 1166 1167 1168 1189 1232 1245 1258 1523 1666 1818 1930 1939 2480 2624 2699 2893 3082 3570 4710 4857 4868 4887 5004 5336 5508 5791 5840 6416 6740 6751 6822 7028 7248 7312 7928 8159 8199 8246 10718 11161 11359 11405 11603 11688 12107 12216 12424 12586 13357 13569 13706 13940 14327 14925 15043 15751 16166 16298 17437 17875 17940 17941 18458 18980 19832 20706 21073 21105 21560 21620 21716 22290 22296 22375 22404 23455 24533
4 0 18 31 35 46 49 87 102 139 145 148 168 214 221 228 250 257 285 288 292 328 332 335 339 345 351 359 367 436 452 472 495 537 580 585 618 659 718 762 764 786 1012 1019 1037 1092 1166
5 257 314 522 585 600 840 881 891 892 898 903 1070 1166 1168 1173 1182
6 16 27 57 148 229 262 292 302 303 304 522
7 0 2 9 15 17 46 49 61 68 93 102 108 110 143 159 161 163 178 196 207 234 250 287 288 292 328 339 351 353 359 372 375 423 435 449 452 469 485 506 519 568 580 581 585 600 618 637 718 734 769 770 783 856 882 883 903 932 997 999 1013 1065 1099 1173 1182 1183 1189 1209 1225 1226 1232 1237 1323 1334
8 1 9 60 103 114 148 156 159 163 166 222 253 257 273 274 277 313 324 345 350 351 356 357 373 375 414 415 429 440 449 450 459 469 495 514 534 535 536 578 579 580 582 584 585 586 588 589 608 656 789 834 893 898 899 913 917 922 931 932 933 982 984 985 987 988 989 991 992 996 998 1005 1007 1008 1012 1013 1047 1057 1061 1063 1065 1070 1074 1096 1098 1099 1101 1107 1166 1168 1177 1179 1183 1191 1207
9 31 49 108 148 257 292 314 351 475 581 585 903 1166 1179 3760 3765 3882
10 367 522 585 4106 4887 7028